12
66
0 1 63.694583757176716
0 2 23.345235059857504
0 3 74.46475676452586
0 4 105.47511554864494
0 5 30.01666203960727
0 6 93.29523031752481
0 7 64.03124237432849
0 8 80.44874144447506
0 9 70.21395872616783
0 10 21.18962010041709
0 11 59.77457653551382
1 2 41.182520563948
1 3 10.770329614269007
1 4 50.695167422546305
1 5 34.20526275297414
1 6 31.89043743820395
1 7 40.11234224026316
1 8 23.08679276123039
1 9 45.70557952810576
1 10 79.32212806020776
1 11 52.630789467763066
2 3 51.884487084291386
2 4 86.68333173107735
2 5 11.40175425099138
2 6 72.00694410957877
2 7 43.829214001622255
2 8 60.108235708594876
2 9 50.60632371551998
2 10 38.41874542459709
2 11 53.23532661682466
3 4 43.93176527297759
3 5 44.9221548904324
3 6 22.825424421026653
3 7 44.553338819890925
3 8 18.24828759089466
3 9 49.040799340956916
3 10 89.88882021697692
3 11 58.66856057549052
4 5 76.4198926981712
4 6 23.08679276123039
4 7 88.45903006477066
4 8 27.730849247724095
4 9 92.65527507918802
4 10 124.52309022827855
4 11 61.61168720299745
5 6 63.28506932918696
5 7 47.50789408087881
5 8 50.60632371551998
5 9 54.56189146281496
5 10 48.104053883222775
5 11 42.7551166528639
6 7 66.48308055437865
6 8 14.142135623730951
6 9 70.21395872616783
6 10 110.42191811411355
6 11 62.64982043070834
7 8 62.12889826803627
7 9 7.0710678118654755
7 10 69.1158447825099
7 11 85.23496934944014
8 9 67.00746227100382
8 10 98.41239759298622
8 11 49.24428900898052
9 10 74.00675644831355
9 11 92.11405973031478
10 11 80.95677859203639
